       1800        1800
      -1200           0
       -600        -600
          0       -1200
          0           0
       2200        2200
          0       -1200
        600         600
      -1200           0
          0           0
       2600        2600
       1200           0
       -600        -600
          0        1200
          0           0
       2712        2712
          0       -1200
        600         600
      -1200           0
          0           0
       1912        1912
          0        1200
        600         600
       1200           0
          0           0
       2312        2312
      -1200           0
       -600        -600
          0       -1200
          0           0
       2424        2424
          0        1200
        600         600
       1200           0
          0           0
       2824        2824
      -1200           0
       -600        -600
          0       -1200
          0           0
       2024        2024
       1200           0
       -600        -600
          0        1200
          0           0
       2136        2136
          0       -1200
        600         600
      -1200           0
          0           0
       2536        2536
       1200           0
       -600        -600
          0        1200
          0           0
       2936        2936
          0        1200
        600         600
       1200           0
          0           0
       1848        1848
          0        1200
        600         600
       1200           0
          0           0
       2248        2248
      -1200           0
       -600        -600
          0       -1200
          0           0
       2648        2648
          0       -1200
        600         600
      -1200           0
          0           0
       2760        2760
      -1200           0
       -600        -600
          0       -1200
          0           0
       1960        1960
       1200           0
       -600        -600
          0        1200
          0           0
       2360        2360
          0        1200
        600         600
       1200           0
          0           0
       2472        2472
       1200           0
       -600        -600
          0        1200
          0           0
       2872        2872
          0        1200
        600         600
       1200           0
          0           0
       2072        2072
          0       -1200
        600         600
      -1200           0
          0           0
       2184        2184
      -1200           0
       -600        -600
          0       -1200
          0           0
       2584        2584
          0       -1200
        600         600
      -1200           0
          0           0
       2984        2984
       1200           0
       -600        -600
          0        1200
          0           0
       1896        1896
       1200           0
       -600        -600
          0        1200
          0           0
       2296        2296
          0        1200
        600         600
       1200           0
          0           0
       2696        2696
      -1200           0
       -600        -600
          0       -1200
          0           0
       2808        2808
          0        1200
        600         600
       1200           0
          0           0
       2008        2008
          0       -1200
        600         600
      -1200           0
          0           0
       2408        2408
       1200           0
       -600        -600
          0        1200
          0           0
       2520        2520
          0       -1200
        600         600
      -1200           0
          0           0
       2920        2920
       1200           0
       -600        -600
          0        1200
          0           0
       2120        2120
      -1200           0
       -600        -600
          0       -1200
          0           0
       2232        2232
          0        1200
        600         600
       1200           0
          0           0
       2632        2632
      -1200           0
       -600        -600
          0       -1200
          0           0
       1832        1832
       1200           0
       -600        -600
          0        1200
          0           0
       1944        1944
          0       -1200
        600         600
      -1200           0
          0           0
       2344        2344
       1200           0
       -600        -600
          0        1200
          0           0
       2744        2744
          0        1200
        600         600
       1200           0
          0           0
       2856        2856
       1200           0
       -600        -600
          0        1200
          0           0
       2056        2056
      -1200           0
       -600        -600
          0       -1200
          0           0
       2456        2456
          0       -1200
        600         600
      -1200           0
          0           0
       2568        2568
      -1200           0
       -600        -600
          0       -1200
          0           0
       2968        2968
          0       -1200
        600         600
      -1200           0
          0           0
       2168        2168
          0        1200
        600         600
       1200           0
          0           0
       2280        2280
       1200           0
       -600        -600
          0        1200
          0           0
       2680        2680
          0        1200
        600         600
       1200           0
          0           0
       1880        1880
          0       -1200
        600         600
      -1200           0
          0           0
       1992        1992
      -1200           0
       -600        -600
          0       -1200
          0           0
       2392        2392
          0       -1200
        600         600
      -1200           0
          0           0
       2792        2792
       1200           0
       -600        -600
          0        1200
          0           0
       2904        2904
          0       -1200
        600         600
      -1200           0
          0           0
       2104        2104
          0        1200
        600         600
       1200           0
          0           0
       2504        2504
      -1200           0
       -600        -600
          0       -1200
          0           0
       2616        2616
          0        1200
        600         600
       1200           0
          0           0
       1816        1816
          0       -1200
        600         600
      -1200           0
          0           0
       2216        2216
       1200           0
       -600        -600
          0        1200
          0           0
       2328        2328
          0       -1200
        600         600
      -1200           0
          0           0
       2728        2728
       1200           0
       -600        -600
          0        1200
          0           0
       1928        1928
      -1200           0
       -600        -600
          0       -1200
          0           0
       2040        2040
          0        1200
        600         600
       1200           0
          0           0
       2440        2440
      -1200           0
       -600        -600
          0       -1200
          0           0
       2840        2840
          0       -1200
        600         600
      -1200           0
          0           0
       2952        2952
      -1200           0
       -600        -600
          0       -1200
          0           0
       2152        2152
       1200           0
       -600        -600
          0        1200
          0           0
       2552        2552
          0        1200
        600         600
       1200           0
          0           0
       2664        2664
       1200           0
       -600        -600
          0        1200
          0           0
       1864        1864
      -1200           0
       -600        -600
          0       -1200
          0           0
       2264        2264
          0       -1200
        600         600
      -1200           0
          0           0
       2376        2376
      -1200           0
       -600        -600
          0       -1200
          0           0
       2776        2776
          0       -1200
        600         600
      -1200           0
          0           0
       1976        1976
          0        1200
        600         600
       1200           0
          0           0
       2088        2088
       1200           0
       -600        -600
          0        1200
          0           0
       2488        2488
          0        1200
        600         600
       1200           0
          0           0
       2888        2888
      -1200           0
       -600        -600
          0       -1200
          0           0
       2100        2100
      -1109         459
       -849           0
      -1109        -460
          0           0
       2500        2500
       -460       -1109
        848           0
       -460        1108
          0           0
       2900        2900
       1108        -460
       -849           0
       1108         459
          0           0
       1812        1812
       1108        -460
       -849           0
       1108         459
          0           0
       2212        2212
        459        1108
        848           0
        459       -1109
          0           0
       2612        2612
      -1109         459
       -849           0
      -1109        -460
          0           0
       2724        2724
        459        1108
        848           0
        459       -1109
          0           0
       1924        1924
       -460       -1109
        848           0
       -460        1108
          0           0
       2324        2324
       1108        -460
       -849           0
       1108         459
          0           0
       2436        2436
       -460       -1109
        848           0
       -460        1108
          0           0
       2836        2836
       1108        -460
       -849           0
       1108         459
          0           0
       2036        2036
      -1109         459
       -849           0
      -1109        -460
          0           0
       2148        2148
        459        1108
        848           0
        459       -1109
          0           0
       2548        2548
      -1109         459
       -849           0
      -1109        -460
          0           0
       2948        2948
       -460       -1109
        848           0
       -460        1108
          0           0
       1860        1860
       -460       -1109
        848           0
       -460        1108
          0           0
       2260        2260
       1108        -460
       -849           0
       1108         459
          0           0
       2660        2660
        459        1108
        848           0
        459       -1109
          0           0
       2772        2772
       1108        -460
       -849           0
       1108         459
          0           0
       1972        1972
      -1109         459
       -849           0
      -1109        -460
          0           0
       2372        2372
       -460       -1109
        848           0
       -460        1108
          0           0
       2484        2484
      -1109         459
       -849           0
      -1109        -460
          0           0
       2884        2884
       -460       -1109
        848           0
       -460        1108
          0           0
       2084        2084
        459        1108
        848           0
        459       -1109
          0           0
       2196        2196
       1108        -460
       -849           0
       1108         459
          0           0
       2596        2596
        459        1108
        848           0
        459       -1109
          0           0
       2996        2996
      -1109         459
       -849           0
      -1109        -460
          0           0
       1908        1908
      -1109         459
       -849           0
      -1109        -460
          0           0
       2308        2308
       -460       -1109
        848           0
       -460        1108
          0           0
       2708        2708
       1108        -460
       -849           0
       1108         459
          0           0
       2820        2820
       -460       -1109
        848           0
       -460        1108
          0           0
       2020        2020
        459        1108
        848           0
        459       -1109
          0           0
       2420        2420
      -1109         459
       -849           0
      -1109        -460
          0           0
       2532        2532
        459        1108
        848           0
        459       -1109
          0           0
       2932        2932
      -1109         459
       -849           0
      -1109        -460
          0           0
       2132        2132
       1108        -460
       -849           0
       1108         459
          0           0
       2244        2244
       -460       -1109
        848           0
       -460        1108
          0           0
       2644        2644
       1108        -460
       -849           0
       1108         459
          0           0
       1844        1844
      -1109         459
       -849           0
      -1109        -460
          0           0
       1956        1956
        459        1108
        848           0
        459       -1109
          0           0
       2356        2356
      -1109         459
       -849           0
      -1109        -460
          0           0
       2756        2756
       -460       -1109
        848           0
       -460        1108
          0           0
       2868        2868
      -1109         459
       -849           0
      -1109        -460
          0           0
       2068        2068
       1108        -460
       -849           0
       1108         459
          0           0
       2468        2468
        459        1108
        848           0
        459       -1109
          0           0
       2580        2580
       1108        -460
       -849           0
       1108         459
          0           0
       2980        2980
        459        1108
        848           0
        459       -1109
          0           0
       2180        2180
       -460       -1109
        848           0
       -460        1108
          0           0
       2292        2292
      -1109         459
       -849           0
      -1109        -460
          0           0
       2692        2692
       -460       -1109
        848           0
       -460        1108
          0           0
       1892        1892
        459        1108
        848           0
        459       -1109
          0           0
       2004        2004
       1108        -460
       -849           0
       1108         459
          0           0
       2404        2404
        459        1108
        848           0
        459       -1109
          0           0
       2804        2804
      -1109         459
       -849           0
      -1109        -460
          0           0
       2916        2916
        459        1108
        848           0
        459       -1109
          0           0
       2116        2116
       -460       -1109
        848           0
       -460        1108
          0           0
       2516        2516
       1108        -460
       -849           0
       1108         459
          0           0
       2628        2628
       -460       -1109
        848           0
       -460        1108
          0           0
       1828        1828
        459        1108
        848           0
        459       -1109
          0           0
       2228        2228
      -1109         459
       -849           0
      -1109        -460
          0           0
       2340        2340
        459        1108
        848           0
        459       -1109
          0           0
       2740        2740
      -1109         459
       -849           0
      -1109        -460
          0           0
       1940        1940
       1108        -460
       -849           0
       1108         459
          0           0
       2052        2052
       -460       -1109
        848           0
       -460        1108
          0           0
       2452        2452
       1108        -460
       -849           0
       1108         459
          0           0
       2852        2852
        459        1108
        848           0
        459       -1109
          0           0
       2964        2964
       1108        -460
       -849           0
       1108         459
          0           0
       2164        2164
      -1109         459
       -849           0
      -1109        -460
          0           0
       2564        2564
       -460       -1109
        848           0
       -460        1108
          0           0
       2676        2676
      -1109         459
       -849           0
      -1109        -460
          0           0
       1876        1876
       1108        -460
       -849           0
       1108         459
          0           0
       2276        2276
        459        1108
        848           0
        459       -1109
          0           0
       2388        2388
       1108        -460
       -849           0
       1108         459
          0           0
       2788        2788
        459        1108
        848           0
        459       -1109
          0           0
       1988        1988
       -460       -1109
        848           0
       -460        1108
          0           0
       2400        2400
       -849         848
       -600         600
       -849         848
          0           0
       2800        2800
       -849        -849
        600        -600
        848         848
          0           0
       2000        2000
        848         848
        600        -600
       -849        -849
          0           0
       2112        2112
        848        -849
       -600         600
        848        -849
          0           0
       2512        2512
        848         848
        600        -600
       -849        -849
          0           0
       2912        2912
       -849         848
       -600         600
       -849         848
          0           0
       1824        1824
       -849         848
       -600         600
       -849         848
          0           0
       2224        2224
       -849        -849
        600        -600
        848         848
          0           0
       2624        2624
        848        -849
       -600         600
        848        -849
          0           0
       2736        2736
       -849        -849
        600        -600
        848         848
          0           0
       1936        1936
        848         848
        600        -600
       -849        -849
          0           0
       2336        2336
       -849         848
       -600         600
       -849         848
          0           0
       2448        2448
        848         848
        600        -600
       -849        -849
          0           0
       2848        2848
       -849         848
       -600         600
       -849         848
          0           0
       2048        2048
        848        -849
       -600         600
        848        -849
          0           0
       2160        2160
       -849        -849
        600        -600
        848         848
          0           0
       2560        2560
        848        -849
       -600         600
        848        -849
          0           0
       2960        2960
        848         848
        600        -600
       -849        -849
          0           0
       1872        1872
        848         848
        600        -600
       -849        -849
          0           0
       2272        2272
       -849         848
       -600         600
       -849         848
          0           0
       2672        2672
       -849        -849
        600        -600
        848         848
          0           0
       2784        2784
       -849         848
       -600         600
       -849         848
          0           0
       1984        1984
        848        -849
       -600         600
        848        -849
          0           0
       2384        2384
        848         848
        600        -600
       -849        -849
          0           0
       2496        2496
        848        -849
       -600         600
        848        -849
          0           0
       2896        2896
        848         848
        600        -600
       -849        -849
          0           0
       2096        2096
       -849        -849
        600        -600
        848         848
          0           0
       2208        2208
       -849         848
       -600         600
       -849         848
          0           0
       2608        2608
       -849        -849
        600        -600
        848         848
          0           0
       1808        1808
        848         848
        600        -600
       -849        -849
          0           0
       1920        1920
        848        -849
       -600         600
        848        -849
          0           0
       2320        2320
        848         848
        600        -600
       -849        -849
          0           0
       2720        2720
       -849         848
       -600         600
       -849         848
          0           0
       2832        2832
        848         848
        600        -600
       -849        -849
          0           0
       2032        2032
       -849        -849
        600        -600
        848         848
          0           0
       2432        2432
        848        -849
       -600         600
        848        -849
          0           0
       2544        2544
       -849        -849
        600        -600
        848         848
          0           0
       2944        2944
        848        -849
       -600         600
        848        -849
          0           0
       2144        2144
       -849         848
       -600         600
       -849         848
          0           0
       2256        2256
        848         848
        600        -600
       -849        -849
          0           0
       2656        2656
       -849         848
       -600         600
       -849         848
          0           0
       1856        1856
        848        -849
       -600         600
        848        -849
          0           0
       1968        1968
       -849        -849
        600        -600
        848         848
          0           0
       2368        2368
        848        -849
       -600         600
        848        -849
          0           0
       2768        2768
        848         848
        600        -600
       -849        -849
          0           0
       2880        2880
        848        -849
       -600         600
        848        -849
          0           0
       2080        2080
       -849         848
       -600         600
       -849         848
          0           0
       2480        2480
       -849        -849
        600        -600
        848         848
          0           0
       2592        2592
       -849         848
       -600         600
       -849         848
          0           0
       2992        2992
       -849        -849
        600        -600
        848         848
          0           0
       2192        2192
        848         848
        600        -600
       -849        -849
          0           0
       2304        2304
        848        -849
       -600         600
        848        -849
          0           0
       2704        2704
        848         848
        600        -600
       -849        -849
          0           0
       1904        1904
       -849        -849
        600        -600
        848         848
          0           0
       2016        2016
       -849         848
       -600         600
       -849         848
          0           0
       2416        2416
       -849        -849
        600        -600
        848         848
          0           0
       2816        2816
        848        -849
       -600         600
        848        -849
          0           0
       2928        2928
       -849        -849
        600        -600
        848         848
          0           0
       2128        2128
        848         848
        600        -600
       -849        -849
          0           0
       2528        2528
       -849         848
       -600         600
       -849         848
          0           0
       2640        2640
        848         848
        600        -600
       -849        -849
          0           0
       1840        1840
       -849        -849
        600        -600
        848         848
          0           0
       2240        2240
        848        -849
       -600         600
        848        -849
          0           0
       2352        2352
       -849        -849
        600        -600
        848         848
          0           0
       2752        2752
        848        -849
       -600         600
        848        -849
          0           0
       1952        1952
       -849         848
       -600         600
       -849         848
          0           0
       2064        2064
        848         848
        600        -600
       -849        -849
          0           0
       2464        2464
       -849         848
       -600         600
       -849         848
          0           0
       2864        2864
       -849        -849
        600        -600
        848         848
          0           0
       2976        2976
       -849         848
       -600         600
       -849         848
          0           0
       2176        2176
        848        -849
       -600         600
        848        -849
          0           0
       2576        2576
        848         848
        600        -600
       -849        -849
          0           0
       2688        2688
        848        -849
       -600         600
        848        -849
          0           0
       1888        1888
       -849         848
       -600         600
       -849         848
          0           0
       2288        2288
       -849        -849
        600        -600
        848         848
          0           0
       2700        2700
       -460        1108
          0         848
        459        1108
          0           0
       1900        1900
        459       -1109
          0         848
       -460       -1109
          0           0
       2300        2300
       1108         459
          0        -849
      -1109         459
          0           0
       2412        2412
        459       -1109
          0         848
       -460       -1109
          0           0
       2812        2812
       1108         459
          0        -849
      -1109         459
          0           0
       2012        2012
      -1109        -460
          0        -849
       1108        -460
          0           0
       2124        2124
       -460        1108
          0         848
        459        1108
          0           0
       2524        2524
      -1109        -460
          0        -849
       1108        -460
          0           0
       2924        2924
        459       -1109
          0         848
       -460       -1109
          0           0
       1836        1836
        459       -1109
          0         848
       -460       -1109
          0           0
       2236        2236
       1108         459
          0        -849
      -1109         459
          0           0
       2636        2636
       -460        1108
          0         848
        459        1108
          0           0
       2748        2748
       1108         459
          0        -849
      -1109         459
          0           0
       1948        1948
      -1109        -460
          0        -849
       1108        -460
          0           0
       2348        2348
        459       -1109
          0         848
       -460       -1109
          0           0
       2460        2460
      -1109        -460
          0        -849
       1108        -460
          0           0
       2860        2860
        459       -1109
          0         848
       -460       -1109
          0           0
       2060        2060
       -460        1108
          0         848
        459        1108
          0           0
       2172        2172
       1108         459
          0        -849
      -1109         459
          0           0
       2572        2572
       -460        1108
          0         848
        459        1108
          0           0
       2972        2972
      -1109        -460
          0        -849
       1108        -460
          0           0
       1884        1884
      -1109        -460
          0        -849
       1108        -460
          0           0
       2284        2284
        459       -1109
          0         848
       -460       -1109
          0           0
       2684        2684
       1108         459
          0        -849
      -1109         459
          0           0
       2796        2796
        459       -1109
          0         848
       -460       -1109
          0           0
       1996        1996
       -460        1108
          0         848
        459        1108
          0           0
       2396        2396
      -1109        -460
          0        -849
       1108        -460
          0           0
       2508        2508
       -460        1108
          0         848
        459        1108
          0           0
       2908        2908
      -1109        -460
          0        -849
       1108        -460
          0           0
       2108        2108
       1108         459
          0        -849
      -1109         459
          0           0
       2220        2220
        459       -1109
          0         848
       -460       -1109
          0           0
       2620        2620
       1108         459
          0        -849
      -1109         459
          0           0
       1820        1820
      -1109        -460
          0        -849
       1108        -460
          0           0
       1932        1932
       -460        1108
          0         848
        459        1108
          0           0
       2332        2332
      -1109        -460
          0        -849
       1108        -460
          0           0
       2732        2732
        459       -1109
          0         848
       -460       -1109
          0           0
       2844        2844
      -1109        -460
          0        -849
       1108        -460
          0           0
       2044        2044
       1108         459
          0        -849
      -1109         459
          0           0
       2444        2444
       -460        1108
          0         848
        459        1108
          0           0
       2556        2556
       1108         459
          0        -849
      -1109         459
          0           0
       2956        2956
       -460        1108
          0         848
        459        1108
          0           0
       2156        2156
        459       -1109
          0         848
       -460       -1109
          0           0
       2268        2268
      -1109        -460
          0        -849
       1108        -460
          0           0
       2668        2668
        459       -1109
          0         848
       -460       -1109
          0           0
       1868        1868
       -460        1108
          0         848
        459        1108
          0           0
       1980        1980
       1108         459
          0        -849
      -1109         459
          0           0
       2380        2380
       -460        1108
          0         848
        459        1108
          0           0
       2780        2780
      -1109        -460
          0        -849
       1108        -460
          0           0
       2892        2892
       -460        1108
          0         848
        459        1108
          0           0
       2092        2092
        459       -1109
          0         848
       -460       -1109
          0           0
       2492        2492
       1108         459
          0        -849
      -1109         459
          0           0
       2604        2604
        459       -1109
          0         848
       -460       -1109
          0           0
       1804        1804
       -460        1108
          0         848
        459        1108
          0           0
       2204        2204
      -1109        -460
          0        -849
       1108        -460
          0           0
       2316        2316
       -460        1108
          0         848
        459        1108
          0           0
       2716        2716
      -1109        -460
          0        -849
       1108        -460
          0           0
       1916        1916
       1108         459
          0        -849
      -1109         459
          0           0
       2028        2028
        459       -1109
          0         848
       -460       -1109
          0           0
       2428        2428
       1108         459
          0        -849
      -1109         459
          0           0
       2828        2828
       -460        1108
          0         848
        459        1108
          0           0
       2940        2940
       1108         459
          0        -849
      -1109         459
          0           0
       2140        2140
      -1109        -460
          0        -849
       1108        -460
          0           0
       2540        2540
        459       -1109
          0         848
       -460       -1109
          0           0
       2652        2652
      -1109        -460
          0        -849
       1108        -460
          0           0
       1852        1852
       1108         459
          0        -849
      -1109         459
          0           0
       2252        2252
       -460        1108
          0         848
        459        1108
          0           0
       2364        2364
       1108         459
          0        -849
      -1109         459
          0           0
       2764        2764
       -460        1108
          0         848
        459        1108
          0           0
       1964        1964
        459       -1109
          0         848
       -460       -1109
          0           0
       2076        2076
      -1109        -460
          0        -849
       1108        -460
          0           0
       2476        2476
        459       -1109
          0         848
       -460       -1109
          0           0
       2876        2876
       1108         459
          0        -849
      -1109         459
          0           0
       2988        2988
        459       -1109
          0         848
       -460       -1109
          0           0
       2188        2188
       -460        1108
          0         848
        459        1108
          0           0
       2588        2588
      -1109        -460
          0        -849
       1108        -460
          0           0
